  0.1114645D+00 -0.1101560D+00  0.1113305D+00 -0.1100157D+00
  0.1111124D+00 -0.1097877D+00  0.1107585D+00 -0.1094182D+00
  0.1101872D+00 -0.1088229D+00  0.1092723D+00 -0.1078734D+00
  0.1078265D+00 -0.1063816D+00  0.1055887D+00 -0.1040946D+00
  0.1022368D+00 -0.1007205D+00  0.9746316D-01 -0.9602935D-01
  0.9116425D-01 -0.9006981D-01  0.8374492D-01 -0.8346736D-01
  0.7638035D-01 -0.7757793D-01  0.7089262D-01 -0.7414183D-01
  0.6901727D-01 -0.7438738D-01  0.7141563D-01 -0.7822184D-01
  0.7724797D-01 -0.8429645D-01  0.8471124D-01 -0.9087804D-01
  0.9203678D-01 -0.9669716D-01  0.9815158D-01 -0.1012161D+00
  0.1027331D+00 -0.1044374D+00  0.1059258D+00 -0.1066080D+00
  0.1080467D+00 -0.1080187D+00  0.1094126D+00 -0.1089145D+00
  0.1102751D+00 -0.1094752D+00  0.1108131D+00 -0.1098229D+00
  0.1111461D+00 -0.1100374D+00  0.1113512D+00 -0.1101693D+00
  0.1114772D+00 -0.1102502D+00  0.1115544D+00 -0.1102997D+00
  0.1116017D+00 -0.1103300D+00  0.1116307D+00 -0.1103486D+00
  0.1116484D+00 -0.1103599D+00  0.1116592D+00 -0.1103669D+00
  0.1116658D+00 -0.1103711D+00  0.1116699D+00 -0.1103737D+00
  0.1116724D+00 -0.1103753D+00  0.1116739D+00 -0.1103763D+00
  0.1116748D+00 -0.1103769D+00  0.1116754D+00 -0.1103772D+00
  0.1116757D+00 -0.1103774D+00  0.1116759D+00 -0.1103776D+00
  0.1116760D+00 -0.1103776D+00  0.1116760D+00 -0.1103776D+00
  0.1116760D+00 -0.1103775D+00  0.1116758D+00 -0.1103772D+00
  0.1116753D+00 -0.1103766D+00  0.1116742D+00 -0.1103753D+00
  0.1116718D+00 -0.1103724D+00  0.1116666D+00 -0.1103661D+00
  0.1116553D+00 -0.1103524D+00  0.1116306D+00 -0.1103226D+00
  0.1115770D+00 -0.1102579D+00  0.1114607D+00 -0.1101172D+00
  0.1112083D+00 -0.1098126D+00  0.1106630D+00 -0.1091551D+00
  0.1094923D+00 -0.1077473D+00  0.1070130D+00 -0.1047818D+00
  0.1019057D+00 -0.9873655D-01  0.9194199D-01 -0.8717943D-01
  0.7437402D-01 -0.6756164D-01  0.4831965D-01 -0.4043452D-01
  0.1896284D-01 -0.1386244D-01 -0.1771493D-02 -0.1674423D-02
 -0.2882614D-02 -0.1176332D-01  0.1626469D-01 -0.3753210D-01
  0.4536477D-01 -0.6511369D-01  0.7211682D-01 -0.8560474D-01
  0.9056342D-01 -0.9787222D-01  0.1011697D+00 -0.1043471D+00
  0.1066481D+00 -0.1075384D+00  0.1093182D+00 -0.1090569D+00
  0.1105815D+00 -0.1097670D+00  0.1111705D+00 -0.1100962D+00
  0.1114432D+00 -0.1102481D+00  0.1115690D+00 -0.1103182D+00
  0.1116269D+00 -0.1103504D+00  0.1116536D+00 -0.1103652D+00
  0.1116658D+00 -0.1103720D+00  0.1116715D+00 -0.1103751D+00
  0.1116740D+00 -0.1103766D+00  0.1116752D+00 -0.1103772D+00
  0.1116758D+00 -0.1103775D+00  0.1116760D+00 -0.1103776D+00
  0.1116761D+00 -0.1103777D+00  0.1116761D+00 -0.1103776D+00
  0.1116760D+00 -0.1103776D+00  0.1116759D+00 -0.1103774D+00
  0.1116757D+00 -0.1103772D+00  0.1116753D+00 -0.1103768D+00
  0.1116747D+00 -0.1103762D+00  0.1116737D+00 -0.1103751D+00
  0.1116721D+00 -0.1103735D+00  0.1116695D+00 -0.1103707D+00
  0.1116652D+00 -0.1103662D+00  0.1116581D+00 -0.1103588D+00
  0.1116466D+00 -0.1103467D+00  0.1116278D+00 -0.1103270D+00
  0.1115970D+00 -0.1102947D+00  0.1115466D+00 -0.1102420D+00
