   charge density at 0-th step

  0.1000000D+01  0.1000000D+01  0.1000000D+01  0.1000000D+01
  0.1000000D+01  0.1000000D+01  0.1000000D+01  0.1000000D+01
  0.1000000D+01  0.1000000D+01  0.1000000D+01  0.1000000D+01
  0.1000000D+01  0.1000000D+01  0.1000000D+01  0.1000000D+01
  0.1000000D+01  0.1000000D+01  0.1000000D+01  0.1000000D+01
   spin density at 0-th step

  0.0000000D+00  0.0000000D+00  0.0000000D+00  0.0000000D+00
  0.0000000D+00  0.0000000D+00  0.0000000D+00  0.0000000D+00
  0.0000000D+00  0.0000000D+00  0.0000000D+00  0.0000000D+00
  0.0000000D+00  0.0000000D+00  0.0000000D+00  0.0000000D+00
  0.0000000D+00  0.0000000D+00  0.0000000D+00  0.0000000D+00
