   lattice displacement (bond) at 0-th step

  0.1119033D+00 -0.1119033D+00  0.1119033D+00 -0.1119033D+00
  0.1119033D+00 -0.1119033D+00  0.1119033D+00 -0.1119033D+00
  0.1119033D+00 -0.1119033D+00  0.1119033D+00 -0.1119033D+00
  0.1119033D+00 -0.1119033D+00  0.1119033D+00 -0.1119033D+00
  0.1119033D+00 -0.1119033D+00  0.1119033D+00 -0.1119033D+00
   electronic energy spectrum up at 0-th step

 -0.2024436D+01 -0.1931022D+01 -0.1931022D+01 -0.1661778D+01
 -0.1661778D+01 -0.1251321D+01 -0.1251321D+01 -0.7736021D+00
 -0.7736021D+00 -0.4785062D+00  0.4785062D+00  0.7736021D+00
  0.7736021D+00  0.1251321D+01  0.1251321D+01  0.1661778D+01
  0.1661778D+01  0.1931022D+01  0.1931022D+01  0.2024436D+01
   electronic energy spectrum down at 0-th step

 -0.2024436D+01 -0.1931022D+01 -0.1931022D+01 -0.1661778D+01
 -0.1661778D+01 -0.1251321D+01 -0.1251321D+01 -0.7736021D+00
 -0.7736021D+00 -0.4785062D+00  0.4785062D+00  0.7736021D+00
  0.7736021D+00  0.1251321D+01  0.1251321D+01  0.1661778D+01
  0.1661778D+01  0.1931022D+01  0.1931022D+01  0.2024436D+01
