   temperature v^2 at 0-th step

  0.0000000D+00  0.0000000D+00  0.0000000D+00  0.0000000D+00
  0.0000000D+00  0.0000000D+00  0.0000000D+00  0.0000000D+00
  0.0000000D+00  0.0000000D+00  0.0000000D+00  0.0000000D+00
  0.0000000D+00  0.0000000D+00  0.0000000D+00  0.0000000D+00
  0.0000000D+00  0.0000000D+00  0.0000000D+00  0.0000000D+00
   velocity of the sites at 0-th step

  0.0000000D+00  0.0000000D+00  0.0000000D+00  0.0000000D+00
  0.0000000D+00  0.0000000D+00  0.0000000D+00  0.0000000D+00
  0.0000000D+00  0.0000000D+00  0.0000000D+00  0.0000000D+00
  0.0000000D+00  0.0000000D+00  0.0000000D+00  0.0000000D+00
  0.0000000D+00  0.0000000D+00  0.0000000D+00  0.0000000D+00
